
MinimumPath =

    10    11    12
     9    10    20
     8     9     1
     7     8    18
     6     7     9
     5     6    24
     4     5     1
     3     4    12
     2     3    23
     1     2    25
     5    13    20
    11    12    15
     4    16    27
    13    14    11
    14    15    17
    16    17     4
    17    18    10
    18    19     2
    19    20    23


FiberLength =

        1718


TrenchingLength =

   274


MinimumPath2 =

     4     5     1
     8     9     1
    10    11    12
    11    12    15
    13    14    11
    18    19     2
    11     9     7
    13    11    20
     3    11     6
    17     2     5
     5     7     7
    16    12     8
     4    15    28
    20    11    13
    18     7    17
     5     2     6
     8     1    17
    11     7     8
     6     8     6


FiberLength2 =

   356


TrenchingLength2 =

   190

